RFResult
[ 0.60689076  0.62352941  0.59019608  0.21663972  0.642599  ] 
[ 0.63857143  0.62941176  0.64705882  0.27877439  0.68156478] 
[ 0.63613445  0.64705882  0.6248366   0.2745733   0.69401192] 
[ 0.65058824  0.65294118  0.64803922  0.3030391   0.7016436 ] 
[ 0.64478992  0.64705882  0.64183007  0.29041223  0.70965013] 
[ 0.65352941  0.64705882  0.65947712  0.30741175  0.73495771] 
[ 0.65932773  0.65294118  0.66470588  0.31980931  0.72593233] 
[ 0.64176471  0.62352941  0.65882353  0.2845208   0.72691273] 
[ 0.65638655  0.63529412  0.67647059  0.31375514  0.73136294] 
[ 0.67663866  0.67647059  0.67647059  0.35433775  0.74477124] 
[ 0.66773109  0.68235294  0.65326797  0.33700465  0.73074779] 
[ 0.64176471  0.64705882  0.6369281   0.28509601  0.72702807] 
[ 0.65890756  0.65294118  0.66503268  0.31874775  0.73167051] 
[ 0.6707563   0.65882353  0.68202614  0.34230884  0.73348712] 
[ 0.66218487  0.65294118  0.67124183  0.32588545  0.72701845] 
[ 0.67663866  0.67647059  0.67679739  0.35372317  0.74585736] 
[ 0.67957983  0.68235294  0.67745098  0.36203852  0.74501153] 
[ 0.68260504  0.68823529  0.67679739  0.36741411  0.74133026] 
[ 0.67092437  0.67058824  0.67124183  0.3425648   0.7300173 ]
MRMRPearsonr
[ 0.59596639  0.59411765  0.59836601  0.19427346  0.64673203] 
[ 0.63638655  0.62941176  0.64379085  0.27476871  0.67815263] 
[ 0.63907563  0.61764706  0.66078431  0.28097546  0.6755767 ] 
[ 0.64537815  0.63529412  0.65522876  0.29250013  0.68244906] 
[ 0.64840336  0.65294118  0.64411765  0.29802835  0.68630334] 
[ 0.63932773  0.62352941  0.65490196  0.27898566  0.69315648] 
[ 0.63386555  0.61176471  0.65490196  0.26783523  0.69619377] 
[ 0.65966387  0.66470588  0.65457516  0.32099115  0.70231642] 
[ 0.64789916  0.64705882  0.64869281  0.29689013  0.70490196] 
[ 0.63058824  0.62941176  0.63137255  0.26309481  0.70192234] 
[ 0.66243697  0.65294118  0.67124183  0.3267479   0.70887159] 
[ 0.64504202  0.67647059  0.61470588  0.29244564  0.69996155] 
[ 0.64210084  0.65294118  0.63169935  0.28629412  0.70311419] 
[ 0.63361345  0.63529412  0.63202614  0.26858859  0.70320069] 
[ 0.63932773  0.64705882  0.63202614  0.28143329  0.71050557] 
[ 0.64226891  0.64705882  0.6379085   0.28616918  0.7155421 ] 
[ 0.65403361  0.66470588  0.64379085  0.30941187  0.71292772] 
[ 0.65084034  0.64705882  0.65424837  0.30203112  0.70508458] 
[ 0.64789916  0.64705882  0.64901961  0.29626274  0.713812  ] 
RF+MRMR 200 Method1
[ 0.59588235  0.58823529  0.60424837  0.19591377  0.62924837] 
[ 0.61613445  0.63529412  0.59803922  0.23465704  0.65864091] 
[ 0.61630252  0.6         0.63300654  0.23426476  0.6695694 ] 
[ 0.63647059  0.64117647  0.63235294  0.27467644  0.68279508] 
[ 0.64260504  0.63529412  0.6496732   0.28596413  0.68354479] 
[ 0.61596639  0.6         0.63202614  0.23435662  0.68202614] 
[ 0.62495798  0.61176471  0.6375817   0.25201855  0.70385429] 
[ 0.66815126  0.67647059  0.65980392  0.33833305  0.70607459] 
[ 0.64495798  0.65882353  0.63202614  0.29387527  0.712005  ] 
[ 0.64235294  0.64117647  0.64444444  0.28841971  0.72299116] 
[ 0.65361345  0.64705882  0.66078431  0.30946582  0.7217128 ] 
[ 0.6507563   0.64705882  0.65457516  0.30357744  0.71621492] 
[ 0.65638655  0.65294118  0.66013072  0.31593493  0.72546136] 
[ 0.64487395  0.64117647  0.64869281  0.29146188  0.72056901] 
[ 0.63907563  0.63529412  0.64313725  0.27944373  0.72550942] 
[ 0.67117647  0.67647059  0.66633987  0.34615026  0.7344579 ] 
[ 0.66823529  0.65294118  0.68333333  0.33747313  0.72898885] 
[ 0.65907563  0.66470588  0.65359477  0.31948043  0.73007497] 
[ 0.65932773  0.67058824  0.64836601  0.31948455  0.72801807] 
[ 0.65033613  0.63529412  0.66470588  0.30145299  0.713812  ] 
RF+MRMR 200 Method2
[ 0.6194958   0.61176471  0.62777778  0.24431242  0.66304306] 
[ 0.63655462  0.62941176  0.64477124  0.27984232  0.6820742 ] 
[ 0.62529412  0.62352941  0.62745098  0.2532486   0.69256055] 
[ 0.64243697  0.64117647  0.64379085  0.28663933  0.68550557] 
[ 0.64848739  0.63529412  0.66143791  0.29911564  0.68669742] 
[ 0.65386555  0.64705882  0.66045752  0.31092631  0.69979815] 
[ 0.63344538  0.64117647  0.62614379  0.26868434  0.69919262] 
[ 0.65352941  0.66470588  0.64281046  0.3091463   0.70247982] 
[ 0.63630252  0.64117647  0.63169935  0.27515296  0.69824106] 
[ 0.63042017  0.62941176  0.63202614  0.26399464  0.70670896] 
[ 0.6592437   0.66470588  0.65424837  0.3223582   0.72219339] 
[ 0.65957983  0.66470588  0.65490196  0.32231992  0.71865629] 
[ 0.65042017  0.64117647  0.65947712  0.30271618  0.7144752 ] 
[ 0.64487395  0.64705882  0.64313725  0.29074099  0.72577855] 
[ 0.67092437  0.66470588  0.67745098  0.34443155  0.73459246] 
[ 0.65336134  0.65294118  0.65359477  0.30754642  0.72601884] 
[ 0.6505042   0.65882353  0.64346405  0.3053702   0.72286621] 
[ 0.65067227  0.65882353  0.64281046  0.30267208  0.72613418] 
[ 0.66789916  0.65882353  0.67679739  0.33693055  0.73742791] 
[ 0.66798319  0.67647059  0.65915033  0.33770373  0.73414072] 
